Total   Game:
Total  Round:  100000000
FeatureRound:    3276270
TotalGameRTP:    94.068%
Base GameRTP:    71.407%
Feature  RTP:    22.661%
Total   HitR:    31.985%
Total   WinR:    12.381%
Feature HitR:    41.560%
Feature Freq:    319.058
FeatureOffer:     10.453
>=1000x Freq:  28653.295
StandardDev.:     14.772
RoundMaxWinX:      20480
BI     Value:      2.898 | 23.363% , 352.786

StateRound:
  BaseGame:  100000000
  FreeGame:    3276270

StateMaxX : Multiplier
  BaseGame:      20480
  FreeGame:     3041.4

StateFeatu:  Frequency | Multiplier | RTP
  BaseGame:
        0x:      6.238 |      0.912 |    14.626%
        2x:      9.247 |      1.784 |    19.291%
        4x:     26.750 |      3.628 |    13.562%
        6x:    102.454 |      7.341 |     7.165%
        8x:    378.639 |     14.103 |     3.725%
       10x:   1081.736 |     23.086 |     2.134%
       12x:   2634.838 |     34.395 |     1.305%
       14x:   6474.168 |     52.692 |     0.814%
       16x:  16355.904 |     88.138 |     0.539%
       18x:  36805.301 |    196.881 |     0.535%
       20x:  57770.074 |    479.118 |     0.829%
       22x:  63492.062 |    922.244 |     1.453%
       24x:  80515.297 |   1454.361 |     1.806%
       26x: 106382.977 |   2114.187 |     1.987%
       28x: 274725.281 |   2843.254 |     1.035%
       30x: 877193.000 |   3599.471 |     0.410%
       32x: 3448275.750 |   4720.745 |     0.137%
       34x: 14285714.000 |   6877.743 |     0.048%
       36x: 100000000.000 |   4497.600 |     0.004%
  FreeGame:
       10x:  15470.297 |     31.318 |     0.202%
       12x:   7713.668 |     35.823 |     0.464%
       14x:   4726.568 |     40.568 |     0.858%
       16x:   3446.969 |     46.413 |     1.346%
       18x:   2823.902 |     52.683 |     1.866%
       20x:   2626.188 |     59.218 |     2.255%
       22x:   2698.910 |     65.786 |     2.438%
       24x:   2993.833 |     73.985 |     2.471%
       26x:   3531.697 |     83.213 |     2.356%
       28x:   4486.920 |     93.225 |     2.078%
       30x:   6097.933 |    103.998 |     1.705%
       32x:   8762.706 |    112.770 |     1.287%
       34x:  12884.938 |    127.115 |     0.987%
       36x:  19353.590 |    142.426 |     0.736%
       38x:  30684.260 |    154.995 |     0.505%
       40x:  48661.801 |    170.777 |     0.351%
       42x:  79365.078 |    198.653 |     0.250%
       44x: 132802.125 |    215.145 |     0.162%
       46x: 218340.609 |    240.191 |     0.110%
       48x: 331125.812 |    257.685 |     0.078%
       50x: 613496.938 |    271.282 |     0.044%
       52x: 1020408.188 |    320.961 |     0.031%
       54x: 1612903.250 |    348.223 |     0.022%
       56x: 2173913.000 |    357.048 |     0.016%
       58x: 3846153.750 |    279.869 |     0.007%
       60x: 5882353.000 |    449.824 |     0.008%
       62x: 8333333.500 |    550.450 |     0.007%
       64x: 11111111.000 |    484.967 |     0.004%
       66x: 14285714.000 |    676.143 |     0.005%
       68x: 16666667.000 |    543.000 |     0.003%
       70x: 50000000.000 |    607.750 |     0.001%
       72x: 100000000.000 |   1153.100 |     0.001%
       74x: 33333334.000 |    890.967 |     0.003%
       76x: 50000000.000 |    791.000 |     0.002%
       78x: 100000000.000 |   1353.100 |     0.001%

SymbolHits:
  BaseGame,          1,          2,          3,          4,          5,          6,          7,          8,          9,         10,         11,         12,         13,         14,         15,         16,         17,         18,         19,         20,         21,         22,         23,         24,         25,         26,         27,         28,         29,         30, 
        S1,          0,          0,     237163,      37929,       8809,      87056,          0,          0,          0,          0,          0,          0,          0,          0,          0,          0,          0,          0,          0,          0,          0,          0,          0,          0,          0,          0,          0,          0,          0,          0, 
        S2,          0,          0,    1047362,     252063,      63147,      32110,          0,          0,          0,          0,          0,          0,          0,          0,          0,          0,          0,          0,          0,          0,          0,          0,          0,          0,          0,          0,          0,          0,          0,          0, 
        S3,          0,          0,    2434208,     651223,     174206,      77917,          0,          0,          0,          0,          0,          0,          0,          0,          0,          0,          0,          0,          0,          0,          0,          0,          0,          0,          0,          0,          0,          0,          0,          0, 
        S4,          0,          0,    3129119,     873006,     259211,     121836,          0,          0,          0,          0,          0,          0,          0,          0,          0,          0,          0,          0,          0,          0,          0,          0,          0,          0,          0,          0,          0,          0,          0,          0, 
        S5,          0,          0,    5378387,    1804764,     636128,     382680,          0,          0,          0,          0,          0,          0,          0,          0,          0,          0,          0,          0,          0,          0,          0,          0,          0,          0,          0,          0,          0,          0,          0,          0, 
        S6,          0,          0,    6908850,    2446546,     946212,     645099,          0,          0,          0,          0,          0,          0,          0,          0,          0,          0,          0,          0,          0,          0,          0,          0,          0,          0,          0,          0,          0,          0,          0,          0, 
         A,          0,          0,    9162778,    3903147,    1721958,    1607352,          0,          0,          0,          0,          0,          0,          0,          0,          0,          0,          0,          0,          0,          0,          0,          0,          0,          0,          0,          0,          0,          0,          0,          0, 
         K,          0,          0,   10521427,    4613367,    2115739,    2050645,          0,          0,          0,          0,          0,          0,          0,          0,          0,          0,          0,          0,          0,          0,          0,          0,          0,          0,          0,          0,          0,          0,          0,          0, 
         Q,          0,          0,   15533599,    7336576,    3922911,    4722635,          0,          0,          0,          0,          0,          0,          0,          0,          0,          0,          0,          0,          0,          0,          0,          0,          0,          0,          0,          0,          0,          0,          0,          0, 
         J,          0,          0,   18269819,    8622161,    5022150,    6038735,          0,          0,          0,          0,          0,          0,          0,          0,          0,          0,          0,          0,          0,          0,          0,          0,          0,          0,          0,          0,          0,          0,          0,          0, 
         T,          0,          0,   15472229,    7423749,    3886167,    4778514,          0,          0,          0,          0,          0,          0,          0,          0,          0,          0,          0,          0,          0,          0,          0,          0,          0,          0,          0,          0,          0,          0,          0,          0, 
         W,          0,          0,          0,          0,          0,          0,          0,          0,          0,          0,          0,          0,          0,          0,          0,          0,          0,          0,          0,          0,          0,          0,          0,          0,          0,          0,          0,          0,          0,          0, 
         F,          0,          0,          0,     257926,      44846,       8592,       1679,        302,         64,         12,          1,          1,          0,          0,          0,          0,          0,          0,          0,          0,          0,          0,          0,          0,          0,          0,          0,          0,          0,          0, 
        NU,          0,          0,          0,          0,          0,          0,          0,          0,          0,          0,          0,          0,          0,          0,          0,          0,          0,          0,          0,          0,          0,          0,          0,          0,          0,          0,          0,          0,          0,          0, 

  FreeGame,          1,          2,          3,          4,          5,          6,          7,          8,          9,         10,         11,         12,         13,         14,         15,         16,         17,         18, 
        S1,          0,          0,      13045,       3699,        978,        525,          0,          0,          0,          0,          0,          0,          0,          0,          0,          0,          0,          0, 
        S2,          0,          0,      54471,      13006,       2938,        908,          0,          0,          0,          0,          0,          0,          0,          0,          0,          0,          0,          0, 
        S3,          0,          0,      99020,      26481,       6651,       2339,          0,          0,          0,          0,          0,          0,          0,          0,          0,          0,          0,          0, 
        S4,          0,          0,     144846,      40820,      12045,       5061,          0,          0,          0,          0,          0,          0,          0,          0,          0,          0,          0,          0, 
        S5,          0,          0,     228647,      84854,      28907,      17538,          0,          0,          0,          0,          0,          0,          0,          0,          0,          0,          0,          0, 
        S6,          0,          0,     272962,     101474,      39163,      25772,          0,          0,          0,          0,          0,          0,          0,          0,          0,          0,          0,          0, 
         A,          0,          0,     469348,     228585,     104602,     115131,          0,          0,          0,          0,          0,          0,          0,          0,          0,          0,          0,          0, 
         K,          0,          0,     516654,     247310,     117895,     122351,          0,          0,          0,          0,          0,          0,          0,          0,          0,          0,          0,          0, 
         Q,          0,          0,     697162,     396138,     219835,     328344,          0,          0,          0,          0,          0,          0,          0,          0,          0,          0,          0,          0, 
         J,          0,          0,     775757,     425589,     254991,     362395,          0,          0,          0,          0,          0,          0,          0,          0,          0,          0,          0,          0, 
         T,          0,          0,     699702,     398269,     220077,     336494,          0,          0,          0,          0,          0,          0,          0,          0,          0,          0,          0,          0, 
         W,          0,          0,          0,          0,          0,          0,          0,          0,          0,          0,          0,          0,          0,          0,          0,          0,          0,          0, 
         F,          0,          0,          0,        411,         34,          9,          2,          0,          0,          0,          0,          0,          0,          0,          0,          0,          0,          0, 
        NU,          0,          0,          0,          0,          0,          0,          0,          0,          0,          0,          0,          0,          0,          0,          0,          0,          0,          0, 

SymbolWins:
  BaseGame,          1,          2,          3,          4,          5,          6,          7,          8,          9,         10,         11,         12,         13,         14,         15,         16,         17,         18,         19,         20,         21,         22,         23,         24,         25,         26,         27,         28,         29,         30, 
        S1,          0,          0,  209319600,   62733200,   24798000,  796637600,          0,          0,          0,          0,          0,          0,          0,          0,          0,          0,          0,          0,          0,          0,          0,          0,          0,          0,          0,          0,          0,          0,          0,          0, 
        S2,          0,          0,  216088200,   78446375,   29469450,   33505750,          0,          0,          0,          0,          0,          0,          0,          0,          0,          0,          0,          0,          0,          0,          0,          0,          0,          0,          0,          0,          0,          0,          0,          0, 
        S3,          0,          0,  224141450,  163193875,   56801100,   40400000,          0,          0,          0,          0,          0,          0,          0,          0,          0,          0,          0,          0,          0,          0,          0,          0,          0,          0,          0,          0,          0,          0,          0,          0, 
        S4,          0,          0,  227616000,  129636600,   54041900,   44903550,          0,          0,          0,          0,          0,          0,          0,          0,          0,          0,          0,          0,          0,          0,          0,          0,          0,          0,          0,          0,          0,          0,          0,          0, 
        S5,          0,          0,  280229400,  164023650,   69510840,   54496050,          0,          0,          0,          0,          0,          0,          0,          0,          0,          0,          0,          0,          0,          0,          0,          0,          0,          0,          0,          0,          0,          0,          0,          0, 
        S6,          0,          0,  357874800,  221811200,  101961300,   90876825,          0,          0,          0,          0,          0,          0,          0,          0,          0,          0,          0,          0,          0,          0,          0,          0,          0,          0,          0,          0,          0,          0,          0,          0, 
         A,          0,          0,  313789300,  207056970,  123436480,  152556200,          0,          0,          0,          0,          0,          0,          0,          0,          0,          0,          0,          0,          0,          0,          0,          0,          0,          0,          0,          0,          0,          0,          0,          0, 
         K,          0,          0,  360524200,  246363510,  151669840,  198684800,          0,          0,          0,          0,          0,          0,          0,          0,          0,          0,          0,          0,          0,          0,          0,          0,          0,          0,          0,          0,          0,          0,          0,          0, 
         Q,          0,          0,  129583240,  124554280,   98343510,  158295660,          0,          0,          0,          0,          0,          0,          0,          0,          0,          0,          0,          0,          0,          0,          0,          0,          0,          0,          0,          0,          0,          0,          0,          0, 
         J,          0,          0,  152300710,  147345240,  125647230,  205317460,          0,          0,          0,          0,          0,          0,          0,          0,          0,          0,          0,          0,          0,          0,          0,          0,          0,          0,          0,          0,          0,          0,          0,          0, 
         T,          0,          0,  129086265,  125835150,   97730460,  160066060,          0,          0,          0,          0,          0,          0,          0,          0,          0,          0,          0,          0,          0,          0,          0,          0,          0,          0,          0,          0,          0,          0,          0,          0, 
         W,          0,          0,          0,          0,          0,          0,          0,          0,          0,          0,          0,          0,          0,          0,          0,          0,          0,          0,          0,          0,          0,          0,          0,          0,          0,          0,          0,          0,          0,          0, 
         F,          0,          0,          0,          0,          0,          0,          0,          0,          0,          0,          0,          0,          0,          0,          0,          0,          0,          0,          0,          0,          0,          0,          0,          0,          0,          0,          0,          0,          0,          0, 
        NU,          0,          0,          0,          0,          0,          0,          0,          0,          0,          0,          0,          0,          0,          0,          0,          0,          0,          0,          0,          0,          0,          0,          0,          0,          0,          0,          0,          0,          0,          0, 

  FreeGame,          1,          2,          3,          4,          5,          6,          7,          8,          9,         10,         11,         12,         13,         14,         15,         16,         17,         18, 
        S1,          0,          0,   35657400,   15234800,    5452000,    5004000,          0,          0,          0,          0,          0,          0,          0,          0,          0,          0,          0,          0, 
        S2,          0,          0,   73733200,   22134500,    6141000,    3153000,          0,          0,          0,          0,          0,          0,          0,          0,          0,          0,          0,          0, 
        S3,          0,          0,   65948400,   43459000,   13057500,    6393600,          0,          0,          0,          0,          0,          0,          0,          0,          0,          0,          0,          0, 
        S4,          0,          0,   76843360,   40543800,   15379200,    9622200,          0,          0,          0,          0,          0,          0,          0,          0,          0,          0,          0,          0, 
        S5,          0,          0,   90380520,   55796900,   22501800,   17372700,          0,          0,          0,          0,          0,          0,          0,          0,          0,          0,          0,          0, 
        S6,          0,          0,  107116500,   65834100,   30569640,   25180500,          0,          0,          0,          0,          0,          0,          0,          0,          0,          0,          0,          0, 
         A,          0,          0,  124438400,   89870460,   54376640,   73892900,          0,          0,          0,          0,          0,          0,          0,          0,          0,          0,          0,          0, 
         K,          0,          0,  136718560,   96438000,   61308000,   78361600,          0,          0,          0,          0,          0,          0,          0,          0,          0,          0,          0,          0, 
         Q,          0,          0,   45858350,   51579180,   42708810,   83715000,          0,          0,          0,          0,          0,          0,          0,          0,          0,          0,          0,          0, 
         J,          0,          0,   50848560,   55319000,   49202610,   92460840,          0,          0,          0,          0,          0,          0,          0,          0,          0,          0,          0,          0, 
         T,          0,          0,   46023530,   51647720,   42665220,   86201440,          0,          0,          0,          0,          0,          0,          0,          0,          0,          0,          0,          0, 
         W,          0,          0,          0,          0,          0,          0,          0,          0,          0,          0,          0,          0,          0,          0,          0,          0,          0,          0, 
         F,          0,          0,          0,          0,          0,          0,          0,          0,          0,          0,          0,          0,          0,          0,          0,          0,          0,          0, 
        NU,          0,          0,          0,          0,          0,          0,          0,          0,          0,          0,          0,          0,          0,          0,          0,          0,          0,          0, 

RoundDist.:
    TotalGame,        Prob.,        Cumu.
            0, 68.01459600%, 68.01459600%
(    0,   10), 30.66832300%, 98.68291900%
[   10,   20),  0.72323800%, 99.40615700%
[   20,   30),  0.20478400%, 99.61094100%
[   30,   40),  0.09983400%, 99.71077500%
[   40,   50),  0.06203200%, 99.77280700%
[   50,  100),  0.13494800%, 99.90775500%
[  100,  150),  0.04621700%, 99.95397200%
[  150,  200),  0.01953300%, 99.97350500%
[  200,  300),  0.01441100%, 99.98791600%
[  300,  400),  0.00412200%, 99.99203800%
[  400,  500),  0.00195300%, 99.99399100%
[  500, 1000),  0.00251900%, 99.99651000%
[ 1000, 1500),  0.00153500%, 99.99804500%
[ 1500, 2000),  0.00069500%, 99.99874000%
[ 2000, 2500),  0.00073700%, 99.99947700%
[ 2500, 3000),  0.00010500%, 99.99958200%
[ 3000, 4000),  0.00023000%, 99.99981200%
[ 4000, 5000),  0.00012900%, 99.99994100%
[ 5000, 6000),  0.00000900%, 99.99995000%
[ 6000, 7000),  0.00003600%, 99.99998600%
[ 7000,10000),  0.00001000%, 99.99999600%
[10000,  Inf),  0.00000400%, 100.00000000%

FeatureDist.:
  FeatureGame,        Prob.,        Cumu.
            0,  0.00000000%,  0.00000000%
(    0,   10),  0.00000000%,  0.00000000%
[   10,   20), 14.91402992%, 14.91402992%
[   20,   30), 13.70639679%, 28.62042671%
[   30,   40), 11.74610670%, 40.36653341%
[   40,   50),  9.64128351%, 50.00781691%
[   50,  100), 28.21841409%, 78.22623100%
[  100,  150), 11.40184351%, 89.62807452%
[  150,  200),  5.02451958%, 94.65259410%
[  200,  300),  3.66597218%, 98.31856628%
[  300,  400),  1.04587092%, 99.36443720%
[  400,  500),  0.35574926%, 99.72018646%
[  500, 1000),  0.26194632%, 99.98213277%
[ 1000, 1500),  0.01499571%, 99.99712848%
[ 1500, 2000),  0.00255246%, 99.99968094%
[ 2000, 2500),  0.00000000%, 99.99968094%
[ 2500, 3000),  0.00000000%, 99.99968094%
[ 3000, 4000),  0.00031906%, 100.00000000%
[ 4000, 5000),  0.00000000%, 100.00000000%
[ 5000, 6000),  0.00000000%, 100.00000000%
[ 6000, 7000),  0.00000000%, 100.00000000%
[ 7000,10000),  0.00000000%, 100.00000000%
[10000,  Inf),  0.00000000%, 100.00000000%

